model: "VNET"

seed: 42
batch_size: 8
train_percentage: 0.7
validation_percentage: 0.15
test_percentage: 0.15
learning_rate: 0.00002976774502405879
epochs: 25
weight_decay: 0.0005406893163354807
max_learning_rate: 0.0003142837442225831
drop_last: true
max_norm: 0.25

dice_weight: 0.5

image_dir: ""
mask_dir: ""

resolution: 512

workers: 8
kernel_size: 7